2290192920000
2290192920001
2290192920002
2290192920003
2290192920004
2290192920005
2290192920006
2290192920007
2290192920008
2290192920009
2290192920010
2290192920011
2290192920012
2290192920013
2290192920014
2290192920015
2290192920016
2290192920017
2290192920018
2290192920019
2290192920020
2290192920021
2290192920022
2290192920023
2290192920024
2290192920025
2290192920026
2290192920027
2290192920028
2290192920029
2290192920030
2290192920031
2290192920032
2290192920033
2290192920034
2290192920035
2290192920036
2290192920037
2290192920038
2290192920039
2290192920040
2290192920041
2290192920042
2290192920043
2290192920044
2290192920045
2290192920046
2290192920047
2290192920048
2290192920049
2290192920050
2290192920051
2290192920052
2290192920053
2290192920054
2290192920055
2290192920056
2290192920057
2290192920058
2290192920059
2290192920060
2290192920061
2290192920062
2290192920063
2290192920064
2290192920065
2290192920066
2290192920067
2290192920068
2290192920069
2290192920070
2290192920071
2290192920072
2290192920073
2290192920074
2290192920075
2290192920076
2290192920077
2290192920078
2290192920079
2290192920080
2290192920081
2290192920082
2290192920083
2290192920084
2290192920085
2290192920086
2290192920087
2290192920088
2290192920089
2290192920090
2290192920091
2290192920092
2290192920093
2290192920094
2290192920095
2290192920096
2290192920097
2290192920098
2290192920099
2290192920100
2290192920101
2290192920102
2290192920103
2290192920104
2290192920105
2290192920106
2290192920107
2290192920108
2290192920109
2290192920110
2290192920111
2290192920112
2290192920113
2290192920114
2290192920115
2290192920116
2290192920117
2290192920118
2290192920119
2290192920120
2290192920121
2290192920122
2290192920123
2290192920124
2290192920125
2290192920126
2290192920127
2290192920128
2290192920129
2290192920130
2290192920131
2290192920132
2290192920133
2290192920134
2290192920135
2290192920136
2290192920137
2290192920138
2290192920139
2290192920140
2290192920141
2290192920142
2290192920143
2290192920144
2290192920145
2290192920146
2290192920147
2290192920148
2290192920149
2290192920150
2290192920151
2290192920152
2290192920153
2290192920154
2290192920155
2290192920156
2290192920157
2290192920158
2290192920159
2290192920160
2290192920161
2290192920162
2290192920163
2290192920164
2290192920165
2290192920166
2290192920167
2290192920168
2290192920169
2290192920170
2290192920171
2290192920172
2290192920173
2290192920174
2290192920175
2290192920176
2290192920177
2290192920178
2290192920179
2290192920180
2290192920181
2290192920182
2290192920183
2290192920184
2290192920185
2290192920186
2290192920187
2290192920188
2290192920189
2290192920190
2290192920191
2290192920192
2290192920193
2290192920194
2290192920195
2290192920196
2290192920197
2290192920198
2290192920199
2290192920200
2290192920201
2290192920202
2290192920203
2290192920204
2290192920205
2290192920206
2290192920207
2290192920208
2290192920209
2290192920210
2290192920211
2290192920212
2290192920213
2290192920214
2290192920215
2290192920216
2290192920217
2290192920218
2290192920219
2290192920220
2290192920221
2290192920222
2290192920223
2290192920224
2290192920225
2290192920226
2290192920227
2290192920228
2290192920229
2290192920230
2290192920231
2290192920232
2290192920233
2290192920234
2290192920235
2290192920236
2290192920237
2290192920238
2290192920239
2290192920240
2290192920241
2290192920242
2290192920243
2290192920244
2290192920245
2290192920246
2290192920247
2290192920248
2290192920249
2290192920250
2290192920251
2290192920252
2290192920253
2290192920254
2290192920255
2290192920256
2290192920257
2290192920258
2290192920259
2290192920260
2290192920261
2290192920262
2290192920263
2290192920264
2290192920265
2290192920266
2290192920267
2290192920268
2290192920269
2290192920270
2290192920271
2290192920272
2290192920273
2290192920274
2290192920275
2290192920276
2290192920277
2290192920278
2290192920279
2290192920280
2290192920281
2290192920282
2290192920283
2290192920284
2290192920285
2290192920286
2290192920287
2290192920288
2290192920289
2290192920290
2290192920291
2290192920292
2290192920293
2290192920294
2290192920295
2290192920296
2290192920297
2290192920298
2290192920299
2290192920300
2290192920301
2290192920302
2290192920303
2290192920304
2290192920305
2290192920306
2290192920307
2290192920308
2290192920309
2290192920310
2290192920311
2290192920312
2290192920313
2290192920314
2290192920315
2290192920316
2290192920317
2290192920318
2290192920319
2290192920320
2290192920321
2290192920322
2290192920323
2290192920324
2290192920325
2290192920326
2290192920327
2290192920328
2290192920329
2290192920330
2290192920331
2290192920332
2290192920333
2290192920334
2290192920335
2290192920336
2290192920337
2290192920338
2290192920339
2290192920340
2290192920341
2290192920342
2290192920343
2290192920344
2290192920345
2290192920346
2290192920347
2290192920348
2290192920349
2290192920350
2290192920351
2290192920352
2290192920353
2290192920354
2290192920355
2290192920356
2290192920357
2290192920358
2290192920359
2290192920360
2290192920361
2290192920362
2290192920363
2290192920364
2290192920365
2290192920366
2290192920367
2290192920368
2290192920369
2290192920370
2290192920371
2290192920372
2290192920373
2290192920374
2290192920375
2290192920376
2290192920377
2290192920378
2290192920379
2290192920380
2290192920381
2290192920382
2290192920383
2290192920384
2290192920385
2290192920386
2290192920387
2290192920388
2290192920389
2290192920390
2290192920391
2290192920392
2290192920393
2290192920394
2290192920395
2290192920396
2290192920397
2290192920398
2290192920399
2290192920400
2290192920401
2290192920402
2290192920403
2290192920404
2290192920405
2290192920406
2290192920407
2290192920408
2290192920409
2290192920410
2290192920411
2290192920412
2290192920413
2290192920414
2290192920415
2290192920416
2290192920417
2290192920418
2290192920419
2290192920420
2290192920421
2290192920422
2290192920423
2290192920424
2290192920425
2290192920426
2290192920427
2290192920428
2290192920429
2290192920430
2290192920431
2290192920432
2290192920433
2290192920434
2290192920435
2290192920436
2290192920437
2290192920438
2290192920439
2290192920440
2290192920441
2290192920442
2290192920443
2290192920444
2290192920445
2290192920446
2290192920447
2290192920448
2290192920449
2290192920450
2290192920451
2290192920452
2290192920453
2290192920454
2290192920455
2290192920456
2290192920457
2290192920458
2290192920459
2290192920460
2290192920461
2290192920462
2290192920463
2290192920464
2290192920465
2290192920466
2290192920467
2290192920468
2290192920469
2290192920470
2290192920471
2290192920472
2290192920473
2290192920474
2290192920475
2290192920476
2290192920477
2290192920478
2290192920479
2290192920480
2290192920481
2290192920482
2290192920483
2290192920484
2290192920485
2290192920486
2290192920487
2290192920488
2290192920489
2290192920490
2290192920491
2290192920492
2290192920493
2290192920494
2290192920495
2290192920496
2290192920497
2290192920498
2290192920499
2290192920500
2290192920501
2290192920502
2290192920503
2290192920504
2290192920505
2290192920506
2290192920507
2290192920508
2290192920509
2290192920510
2290192920511
2290192920512
2290192920513
2290192920514
2290192920515
2290192920516
2290192920517
2290192920518
2290192920519
2290192920520
2290192920521
2290192920522
2290192920523
2290192920524
2290192920525
2290192920526
2290192920527
2290192920528
2290192920529
2290192920530
2290192920531
2290192920532
2290192920533
2290192920534
2290192920535
2290192920536
2290192920537
2290192920538
2290192920539
2290192920540
2290192920541
2290192920542
2290192920543
2290192920544
2290192920545
2290192920546
2290192920547
2290192920548
2290192920549
2290192920550
2290192920551
2290192920552
2290192920553
2290192920554
2290192920555
2290192920556
2290192920557
2290192920558
2290192920559
2290192920560
2290192920561
2290192920562
2290192920563
2290192920564
2290192920565
2290192920566
2290192920567
2290192920568
2290192920569
2290192920570
2290192920571
2290192920572
2290192920573
2290192920574
2290192920575
2290192920576
2290192920577
2290192920578
2290192920579
2290192920580
2290192920581
2290192920582
2290192920583
2290192920584
2290192920585
2290192920586
2290192920587
2290192920588
2290192920589
2290192920590
2290192920591
2290192920592
2290192920593
2290192920594
2290192920595
2290192920596
2290192920597
2290192920598
2290192920599
2290192920600
2290192920601
2290192920602
2290192920603
2290192920604
2290192920605
2290192920606
2290192920607
2290192920608
2290192920609
2290192920610
2290192920611
2290192920612
2290192920613
2290192920614
2290192920615
2290192920616
2290192920617
2290192920618
2290192920619
2290192920620
2290192920621
2290192920622
2290192920623
2290192920624
2290192920625
2290192920626
2290192920627
2290192920628
2290192920629
2290192920630
2290192920631
2290192920632
2290192920633
2290192920634
2290192920635
2290192920636
2290192920637
2290192920638
2290192920639
2290192920640
2290192920641
2290192920642
2290192920643
2290192920644
2290192920645
2290192920646
2290192920647
2290192920648
2290192920649
2290192920650
2290192920651
2290192920652
2290192920653
2290192920654
2290192920655
2290192920656
2290192920657
2290192920658
2290192920659
2290192920660
2290192920661
2290192920662
2290192920663
2290192920664
2290192920665
2290192920666
2290192920667
2290192920668
2290192920669
2290192920670
2290192920671
2290192920672
2290192920673
2290192920674
2290192920675
2290192920676
2290192920677
2290192920678
2290192920679
2290192920680
2290192920681
2290192920682
2290192920683
2290192920684
2290192920685
2290192920686
2290192920687
2290192920688
2290192920689
2290192920690
2290192920691
2290192920692
2290192920693
2290192920694
2290192920695
2290192920696
2290192920697
2290192920698
2290192920699
2290192920700
2290192920701
2290192920702
2290192920703
2290192920704
2290192920705
2290192920706
2290192920707
2290192920708
2290192920709
2290192920710
2290192920711
2290192920712
2290192920713
2290192920714
2290192920715
2290192920716
2290192920717
2290192920718
2290192920719
2290192920720
2290192920721
2290192920722
2290192920723
2290192920724
2290192920725
2290192920726
2290192920727
2290192920728
2290192920729
2290192920730
2290192920731
2290192920732
2290192920733
2290192920734
2290192920735
2290192920736
2290192920737
2290192920738
2290192920739
2290192920740
2290192920741
2290192920742
2290192920743
2290192920744
2290192920745
2290192920746
2290192920747
2290192920748
2290192920749
2290192920750
2290192920751
2290192920752
2290192920753
2290192920754
2290192920755
2290192920756
2290192920757
2290192920758
2290192920759
2290192920760
2290192920761
2290192920762
2290192920763
2290192920764
2290192920765
2290192920766
2290192920767
2290192920768
2290192920769
2290192920770
2290192920771
2290192920772
2290192920773
2290192920774
2290192920775
2290192920776
2290192920777
2290192920778
2290192920779
2290192920780
2290192920781
2290192920782
2290192920783
2290192920784
2290192920785
2290192920786
2290192920787
2290192920788
2290192920789
2290192920790
2290192920791
2290192920792
2290192920793
2290192920794
2290192920795
2290192920796
2290192920797
2290192920798
2290192920799
2290192920800
2290192920801
2290192920802
2290192920803
2290192920804
2290192920805
2290192920806
2290192920807
2290192920808
2290192920809
2290192920810
2290192920811
2290192920812
2290192920813
2290192920814
2290192920815
2290192920816
2290192920817
2290192920818
2290192920819
2290192920820
2290192920821
2290192920822
2290192920823
2290192920824
2290192920825
2290192920826
2290192920827
2290192920828
2290192920829
2290192920830
2290192920831
2290192920832
2290192920833
2290192920834
2290192920835
2290192920836
2290192920837
2290192920838
2290192920839
2290192920840
2290192920841
2290192920842
2290192920843
2290192920844
2290192920845
2290192920846
2290192920847
2290192920848
2290192920849
2290192920850
2290192920851
2290192920852
2290192920853
2290192920854
2290192920855
2290192920856
2290192920857
2290192920858
2290192920859
2290192920860
2290192920861
2290192920862
2290192920863
2290192920864
2290192920865
2290192920866
2290192920867
2290192920868
2290192920869
2290192920870
2290192920871
2290192920872
2290192920873
2290192920874
2290192920875
2290192920876
2290192920877
2290192920878
2290192920879
2290192920880
2290192920881
2290192920882
2290192920883
2290192920884
2290192920885
2290192920886
2290192920887
2290192920888
2290192920889
2290192920890
2290192920891
2290192920892
2290192920893
2290192920894
2290192920895
2290192920896
2290192920897
2290192920898
2290192920899
2290192920900
2290192920901
2290192920902
2290192920903
2290192920904
2290192920905
2290192920906
2290192920907
2290192920908
2290192920909
2290192920910
2290192920911
2290192920912
2290192920913
2290192920914
2290192920915
2290192920916
2290192920917
2290192920918
2290192920919
2290192920920
2290192920921
2290192920922
2290192920923
2290192920924
2290192920925
2290192920926
2290192920927
2290192920928
2290192920929
2290192920930
2290192920931
2290192920932
2290192920933
2290192920934
2290192920935
2290192920936
2290192920937
2290192920938
2290192920939
2290192920940
2290192920941
2290192920942
2290192920943
2290192920944
2290192920945
2290192920946
2290192920947
2290192920948
2290192920949
2290192920950
2290192920951
2290192920952
2290192920953
2290192920954
2290192920955
2290192920956
2290192920957
2290192920958
2290192920959
2290192920960
2290192920961
2290192920962
2290192920963
2290192920964
2290192920965
2290192920966
2290192920967
2290192920968
2290192920969
2290192920970
2290192920971
2290192920972
2290192920973
2290192920974
2290192920975
2290192920976
2290192920977
2290192920978
2290192920979
2290192920980
2290192920981
2290192920982
2290192920983
2290192920984
2290192920985
2290192920986
2290192920987
2290192920988
2290192920989
2290192920990
2290192920991
2290192920992
2290192920993
2290192920994
2290192920995
2290192920996
2290192920997
2290192920998
2290192920999
2290192921000
2290192921001
2290192921002
2290192921003
2290192921004
2290192921005
2290192921006
2290192921007
2290192921008
2290192921009
2290192921010
2290192921011
2290192921012
2290192921013
2290192921014
2290192921015
2290192921016
2290192921017
2290192921018
2290192921019
2290192921020
2290192921021
2290192921022
2290192921023
2290192921024
2290192921025
2290192921026
2290192921027
2290192921028
2290192921029
2290192921030
2290192921031
2290192921032
2290192921033
2290192921034
2290192921035
2290192921036
2290192921037
2290192921038
2290192921039
2290192921040
2290192921041
2290192921042
2290192921043
2290192921044
2290192921045
2290192921046
2290192921047
2290192921048
2290192921049
2290192921050
2290192921051
2290192921052
2290192921053
2290192921054
2290192921055
2290192921056
2290192921057
2290192921058
2290192921059
2290192921060
2290192921061
2290192921062
2290192921063
2290192921064
2290192921065
2290192921066
2290192921067
2290192921068
2290192921069
2290192921070
2290192921071
2290192921072
2290192921073
2290192921074
2290192921075
2290192921076
2290192921077
2290192921078
2290192921079
2290192921080
2290192921081
2290192921082
2290192921083
2290192921084
2290192921085
2290192921086
2290192921087
2290192921088
2290192921089
2290192921090
2290192921091
2290192921092
2290192921093
2290192921094
2290192921095
2290192921096
2290192921097
2290192921098
2290192921099
2290192921100
2290192921101
2290192921102
2290192921103
2290192921104
2290192921105
2290192921106
2290192921107
2290192921108
2290192921109
2290192921110
2290192921111
2290192921112
2290192921113
2290192921114
2290192921115
2290192921116
2290192921117
2290192921118
2290192921119
2290192921120
2290192921121
2290192921122
2290192921123
2290192921124
2290192921125
2290192921126
2290192921127
2290192921128
2290192921129
2290192921130
2290192921131
2290192921132
2290192921133
2290192921134
2290192921135
2290192921136
2290192921137
2290192921138
2290192921139
2290192921140
2290192921141
2290192921142
2290192921143
2290192921144
2290192921145
2290192921146
2290192921147
2290192921148
2290192921149
2290192921150
2290192921151
2290192921152
2290192921153
2290192921154
2290192921155
2290192921156
2290192921157
2290192921158
2290192921159
2290192921160
2290192921161
2290192921162
2290192921163
2290192921164
2290192921165
2290192921166
2290192921167
2290192921168
2290192921169
2290192921170
2290192921171
2290192921172
2290192921173
2290192921174
2290192921175
2290192921176
2290192921177
2290192921178
2290192921179
2290192921180
2290192921181
2290192921182
2290192921183
2290192921184
2290192921185
2290192921186
2290192921187
2290192921188
2290192921189
2290192921190
2290192921191
2290192921192
2290192921193
2290192921194
2290192921195
2290192921196
2290192921197
2290192921198
2290192921199
2290192921200
2290192921201
2290192921202
2290192921203
2290192921204
2290192921205
2290192921206
2290192921207
2290192921208
2290192921209
2290192921210
2290192921211
2290192921212
2290192921213
2290192921214
2290192921215
2290192921216
2290192921217
2290192921218
2290192921219
2290192921220
2290192921221
2290192921222
2290192921223
2290192921224
2290192921225
2290192921226
2290192921227
2290192921228
2290192921229
2290192921230
2290192921231
2290192921232
2290192921233
2290192921234
2290192921235
2290192921236
2290192921237
2290192921238
2290192921239
2290192921240
2290192921241
2290192921242
2290192921243
2290192921244
2290192921245
2290192921246
2290192921247
2290192921248
2290192921249
2290192921250
2290192921251
2290192921252
2290192921253
2290192921254
2290192921255
2290192921256
2290192921257
2290192921258
2290192921259
2290192921260
2290192921261
2290192921262
2290192921263
2290192921264
2290192921265
2290192921266
2290192921267
2290192921268
2290192921269
2290192921270
2290192921271
2290192921272
2290192921273
2290192921274
2290192921275
2290192921276
2290192921277
2290192921278
2290192921279
2290192921280
2290192921281
2290192921282
2290192921283
2290192921284
2290192921285
2290192921286
2290192921287
2290192921288
2290192921289
2290192921290
2290192921291
2290192921292
2290192921293
2290192921294
2290192921295
2290192921296
2290192921297
2290192921298
2290192921299
2290192921300
2290192921301
2290192921302
2290192921303
2290192921304
2290192921305
2290192921306
2290192921307
2290192921308
2290192921309
2290192921310
2290192921311
2290192921312
2290192921313
2290192921314
2290192921315
2290192921316
2290192921317
2290192921318
2290192921319
2290192921320
2290192921321
2290192921322
2290192921323
2290192921324
2290192921325
2290192921326
2290192921327
2290192921328
2290192921329
2290192921330
2290192921331
2290192921332
2290192921333
2290192921334
2290192921335
2290192921336
2290192921337
2290192921338
2290192921339
2290192921340
2290192921341
2290192921342
2290192921343
2290192921344
2290192921345
2290192921346
2290192921347
2290192921348
2290192921349
2290192921350
2290192921351
2290192921352
2290192921353
2290192921354
2290192921355
2290192921356
2290192921357
2290192921358
2290192921359
2290192921360
2290192921361
2290192921362
2290192921363
2290192921364
2290192921365
2290192921366
2290192921367
2290192921368
2290192921369
2290192921370
2290192921371
2290192921372
2290192921373
2290192921374
2290192921375
2290192921376
2290192921377
2290192921378
2290192921379
2290192921380
2290192921381
2290192921382
2290192921383
2290192921384
2290192921385
2290192921386
2290192921387
2290192921388
2290192921389
2290192921390
2290192921391
2290192921392
2290192921393
2290192921394
2290192921395
2290192921396
2290192921397
2290192921398
2290192921399
2290192921400
2290192921401
2290192921402
2290192921403
2290192921404
2290192921405
2290192921406
2290192921407
2290192921408
2290192921409
2290192921410
2290192921411
2290192921412
2290192921413
2290192921414
2290192921415
2290192921416
2290192921417
2290192921418
2290192921419
2290192921420
2290192921421
2290192921422
2290192921423
2290192921424
2290192921425
2290192921426
2290192921427
2290192921428
2290192921429
2290192921430
2290192921431
2290192921432
2290192921433
2290192921434
2290192921435
2290192921436
2290192921437
2290192921438
2290192921439
2290192921440
2290192921441
2290192921442
2290192921443
2290192921444
2290192921445
2290192921446
2290192921447
2290192921448
2290192921449
2290192921450
2290192921451
2290192921452
2290192921453
2290192921454
2290192921455
2290192921456
2290192921457
2290192921458
2290192921459
2290192921460
2290192921461
2290192921462
2290192921463
2290192921464
2290192921465
2290192921466
2290192921467
2290192921468
2290192921469
2290192921470
2290192921471
2290192921472
2290192921473
2290192921474
2290192921475
2290192921476
2290192921477
2290192921478
2290192921479
2290192921480
2290192921481
2290192921482
2290192921483
2290192921484
2290192921485
2290192921486
2290192921487
2290192921488
2290192921489
2290192921490
2290192921491
2290192921492
2290192921493
2290192921494
2290192921495
2290192921496
2290192921497
2290192921498
2290192921499
2290192921500
2290192921501
2290192921502
2290192921503
2290192921504
2290192921505
2290192921506
2290192921507
2290192921508
2290192921509
2290192921510
2290192921511
2290192921512
2290192921513
2290192921514
2290192921515
2290192921516
2290192921517
2290192921518
2290192921519
2290192921520
2290192921521
2290192921522
2290192921523
2290192921524
2290192921525
2290192921526
2290192921527
2290192921528
2290192921529
2290192921530
2290192921531
2290192921532
2290192921533
2290192921534
2290192921535
2290192921536
2290192921537
2290192921538
2290192921539
2290192921540
2290192921541
2290192921542
2290192921543
2290192921544
2290192921545
2290192921546
2290192921547
2290192921548
2290192921549
2290192921550
2290192921551
2290192921552
2290192921553
2290192921554
2290192921555
2290192921556
2290192921557
2290192921558
2290192921559
2290192921560
2290192921561
2290192921562
2290192921563
2290192921564
2290192921565
2290192921566
2290192921567
2290192921568
2290192921569
2290192921570
2290192921571
2290192921572
2290192921573
2290192921574
2290192921575
2290192921576
2290192921577
2290192921578
2290192921579
2290192921580
2290192921581
2290192921582
2290192921583
2290192921584
2290192921585
2290192921586
2290192921587
2290192921588
2290192921589
2290192921590
2290192921591
2290192921592
2290192921593
2290192921594
2290192921595
2290192921596
2290192921597
2290192921598
2290192921599
2290192921600
2290192921601
2290192921602
2290192921603
2290192921604
2290192921605
2290192921606
2290192921607
2290192921608
2290192921609
2290192921610
2290192921611
2290192921612
2290192921613
2290192921614
2290192921615
2290192921616
2290192921617
2290192921618
2290192921619
2290192921620
2290192921621
2290192921622
2290192921623
2290192921624
2290192921625
2290192921626
2290192921627
2290192921628
2290192921629
2290192921630
2290192921631
2290192921632
2290192921633
2290192921634
2290192921635
2290192921636
2290192921637
2290192921638
2290192921639
2290192921640
2290192921641
2290192921642
2290192921643
2290192921644
2290192921645
2290192921646
2290192921647
2290192921648
2290192921649
2290192921650
2290192921651
2290192921652
2290192921653
2290192921654
2290192921655
2290192921656
2290192921657
2290192921658
2290192921659
2290192921660
2290192921661
2290192921662
2290192921663
2290192921664
2290192921665
2290192921666
2290192921667
2290192921668
2290192921669
2290192921670
2290192921671
2290192921672
2290192921673
2290192921674
2290192921675
2290192921676
2290192921677
2290192921678
2290192921679
2290192921680
2290192921681
2290192921682
2290192921683
2290192921684
2290192921685
2290192921686
2290192921687
2290192921688
2290192921689
2290192921690
2290192921691
2290192921692
2290192921693
2290192921694
2290192921695
2290192921696
2290192921697
2290192921698
2290192921699
2290192921700
2290192921701
2290192921702
2290192921703
2290192921704
2290192921705
2290192921706
2290192921707
2290192921708
2290192921709
2290192921710
2290192921711
2290192921712
2290192921713
2290192921714
2290192921715
2290192921716
2290192921717
2290192921718
2290192921719
2290192921720
2290192921721
2290192921722
2290192921723
2290192921724
2290192921725
2290192921726
2290192921727
2290192921728
2290192921729
2290192921730
2290192921731
2290192921732
2290192921733
2290192921734
2290192921735
2290192921736
2290192921737
2290192921738
2290192921739
2290192921740
2290192921741
2290192921742
2290192921743
2290192921744
2290192921745
2290192921746
2290192921747
2290192921748
2290192921749
2290192921750
2290192921751
2290192921752
2290192921753
2290192921754
2290192921755
2290192921756
2290192921757
2290192921758
2290192921759
2290192921760
2290192921761
2290192921762
2290192921763
2290192921764
2290192921765
2290192921766
2290192921767
2290192921768
2290192921769
2290192921770
2290192921771
2290192921772
2290192921773
2290192921774
2290192921775
2290192921776
2290192921777
2290192921778
2290192921779
2290192921780
2290192921781
2290192921782
2290192921783
2290192921784
2290192921785
2290192921786
2290192921787
2290192921788
2290192921789
2290192921790
2290192921791
2290192921792
2290192921793
2290192921794
2290192921795
2290192921796
2290192921797
2290192921798
2290192921799
2290192921800
2290192921801
2290192921802
2290192921803
2290192921804
2290192921805
2290192921806
2290192921807
2290192921808
2290192921809
2290192921810
2290192921811
2290192921812
2290192921813
2290192921814
2290192921815
2290192921816
2290192921817
2290192921818
2290192921819
2290192921820
2290192921821
2290192921822
2290192921823
2290192921824
2290192921825
2290192921826
2290192921827
2290192921828
2290192921829
2290192921830
2290192921831
2290192921832
2290192921833
2290192921834
2290192921835
2290192921836
2290192921837
2290192921838
2290192921839
2290192921840
2290192921841
2290192921842
2290192921843
2290192921844
2290192921845
2290192921846
2290192921847
2290192921848
2290192921849
2290192921850
2290192921851
2290192921852
2290192921853
2290192921854
2290192921855
2290192921856
2290192921857
2290192921858
2290192921859
2290192921860
2290192921861
2290192921862
2290192921863
2290192921864
2290192921865
2290192921866
2290192921867
2290192921868
2290192921869
2290192921870
2290192921871
2290192921872
2290192921873
2290192921874
2290192921875
2290192921876
2290192921877
2290192921878
2290192921879
2290192921880
2290192921881
2290192921882
2290192921883
2290192921884
2290192921885
2290192921886
2290192921887
2290192921888
2290192921889
2290192921890
2290192921891
2290192921892
2290192921893
2290192921894
2290192921895
2290192921896
2290192921897
2290192921898
2290192921899
2290192921900
2290192921901
2290192921902
2290192921903
2290192921904
2290192921905
2290192921906
2290192921907
2290192921908
2290192921909
2290192921910
2290192921911
2290192921912
2290192921913
2290192921914
2290192921915
2290192921916
2290192921917
2290192921918
2290192921919
2290192921920
2290192921921
2290192921922
2290192921923
2290192921924
2290192921925
2290192921926
2290192921927
2290192921928
2290192921929
2290192921930
2290192921931
2290192921932
2290192921933
2290192921934
2290192921935
2290192921936
2290192921937
2290192921938
2290192921939
2290192921940
2290192921941
2290192921942
2290192921943
2290192921944
2290192921945
2290192921946
2290192921947
2290192921948
2290192921949
2290192921950
2290192921951
2290192921952
2290192921953
2290192921954
2290192921955
2290192921956
2290192921957
2290192921958
2290192921959
2290192921960
2290192921961
2290192921962
2290192921963
2290192921964
2290192921965
2290192921966
2290192921967
2290192921968
2290192921969
2290192921970
2290192921971
2290192921972
2290192921973
2290192921974
2290192921975
2290192921976
2290192921977
2290192921978
2290192921979
2290192921980
2290192921981
2290192921982
2290192921983
2290192921984
2290192921985
2290192921986
2290192921987
2290192921988
2290192921989
2290192921990
2290192921991
2290192921992
2290192921993
2290192921994
2290192921995
2290192921996
2290192921997
2290192921998
2290192921999
2290192922000
2290192922001
2290192922002
2290192922003
2290192922004
2290192922005
2290192922006
2290192922007
2290192922008
2290192922009
2290192922010
2290192922011
2290192922012
2290192922013
2290192922014
2290192922015
2290192922016
2290192922017
2290192922018
2290192922019
2290192922020
2290192922021
2290192922022
2290192922023
2290192922024
2290192922025
2290192922026
2290192922027
2290192922028
2290192922029
2290192922030
2290192922031
2290192922032
2290192922033
2290192922034
2290192922035
2290192922036
2290192922037
2290192922038
2290192922039
2290192922040
2290192922041
2290192922042
2290192922043
2290192922044
2290192922045
2290192922046
2290192922047
2290192922048
2290192922049
2290192922050
2290192922051
2290192922052
2290192922053
2290192922054
2290192922055
2290192922056
2290192922057
2290192922058
2290192922059
2290192922060
2290192922061
2290192922062
2290192922063
2290192922064
2290192922065
2290192922066
2290192922067
2290192922068
2290192922069
2290192922070
2290192922071
2290192922072
2290192922073
2290192922074
2290192922075
2290192922076
2290192922077
2290192922078
2290192922079
2290192922080
2290192922081
2290192922082
2290192922083
2290192922084
2290192922085
2290192922086
2290192922087
2290192922088
2290192922089
2290192922090
2290192922091
2290192922092
2290192922093
2290192922094
2290192922095
2290192922096
2290192922097
2290192922098
2290192922099
2290192922100
2290192922101
2290192922102
2290192922103
2290192922104
2290192922105
2290192922106
2290192922107
2290192922108
2290192922109
2290192922110
2290192922111
2290192922112
2290192922113
2290192922114
2290192922115
2290192922116
2290192922117
2290192922118
2290192922119
2290192922120
2290192922121
2290192922122
2290192922123
2290192922124
2290192922125
2290192922126
2290192922127
2290192922128
2290192922129
2290192922130
2290192922131
2290192922132
2290192922133
2290192922134
2290192922135
2290192922136
2290192922137
2290192922138
2290192922139
2290192922140
2290192922141
2290192922142
2290192922143
2290192922144
2290192922145
2290192922146
2290192922147
2290192922148
2290192922149
2290192922150
2290192922151
2290192922152
2290192922153
2290192922154
2290192922155
2290192922156
2290192922157
2290192922158
2290192922159
2290192922160
2290192922161
2290192922162
2290192922163
2290192922164
2290192922165
2290192922166
2290192922167
2290192922168
2290192922169
2290192922170
2290192922171
2290192922172
2290192922173
2290192922174
2290192922175
2290192922176
2290192922177
2290192922178
2290192922179
2290192922180
2290192922181
2290192922182
2290192922183
2290192922184
2290192922185
2290192922186
2290192922187
2290192922188
2290192922189
2290192922190
2290192922191
2290192922192
2290192922193
2290192922194
2290192922195
2290192922196
2290192922197
2290192922198
2290192922199
2290192922200
2290192922201
2290192922202
2290192922203
2290192922204
2290192922205
2290192922206
2290192922207
2290192922208
2290192922209
2290192922210
2290192922211
2290192922212
2290192922213
2290192922214
2290192922215
2290192922216
2290192922217
2290192922218
2290192922219
2290192922220
2290192922221
2290192922222
2290192922223
2290192922224
2290192922225
2290192922226
2290192922227
2290192922228
2290192922229
2290192922230
2290192922231
2290192922232
2290192922233
2290192922234
2290192922235
2290192922236
2290192922237
2290192922238
2290192922239
2290192922240
2290192922241
2290192922242
2290192922243
2290192922244
2290192922245
2290192922246
2290192922247
2290192922248
2290192922249
2290192922250
2290192922251
2290192922252
2290192922253
2290192922254
2290192922255
2290192922256
2290192922257
2290192922258
2290192922259
2290192922260
2290192922261
2290192922262
2290192922263
2290192922264
2290192922265
2290192922266
2290192922267
2290192922268
2290192922269
2290192922270
2290192922271
2290192922272
2290192922273
2290192922274
2290192922275
2290192922276
2290192922277
2290192922278
2290192922279
2290192922280
2290192922281
2290192922282
2290192922283
2290192922284
2290192922285
2290192922286
2290192922287
2290192922288
2290192922289
2290192922290
2290192922291
2290192922292
2290192922293
2290192922294
2290192922295
2290192922296
2290192922297
2290192922298
2290192922299
2290192922300
2290192922301
2290192922302
2290192922303
2290192922304
2290192922305
2290192922306
2290192922307
2290192922308
2290192922309
2290192922310
2290192922311
2290192922312
2290192922313
2290192922314
2290192922315
2290192922316
2290192922317
2290192922318
2290192922319
2290192922320
2290192922321
2290192922322
2290192922323
2290192922324
2290192922325
2290192922326
2290192922327
2290192922328
2290192922329
2290192922330
2290192922331
2290192922332
2290192922333
2290192922334
2290192922335
2290192922336
2290192922337
2290192922338
2290192922339
2290192922340
2290192922341
2290192922342
2290192922343
2290192922344
2290192922345
2290192922346
2290192922347
2290192922348
2290192922349
2290192922350
2290192922351
2290192922352
2290192922353
2290192922354
2290192922355
2290192922356
2290192922357
2290192922358
2290192922359
2290192922360
2290192922361
2290192922362
2290192922363
2290192922364
2290192922365
2290192922366
2290192922367
2290192922368
2290192922369
2290192922370
2290192922371
2290192922372
2290192922373
2290192922374
2290192922375
2290192922376
2290192922377
2290192922378
2290192922379
2290192922380
2290192922381
2290192922382
2290192922383
2290192922384
2290192922385
2290192922386
2290192922387
2290192922388
2290192922389
2290192922390
2290192922391
2290192922392
2290192922393
2290192922394
2290192922395
2290192922396
2290192922397
2290192922398
2290192922399
2290192922400
2290192922401
2290192922402
2290192922403
2290192922404
2290192922405
2290192922406
2290192922407
2290192922408
2290192922409
2290192922410
2290192922411
2290192922412
2290192922413
2290192922414
2290192922415
2290192922416
2290192922417
2290192922418
2290192922419
2290192922420
2290192922421
2290192922422
2290192922423
2290192922424
2290192922425
2290192922426
2290192922427
2290192922428
2290192922429
2290192922430
2290192922431
2290192922432
2290192922433
2290192922434
2290192922435
2290192922436
2290192922437
2290192922438
2290192922439
2290192922440
2290192922441
2290192922442
2290192922443
2290192922444
2290192922445
2290192922446
2290192922447
2290192922448
2290192922449
2290192922450
2290192922451
2290192922452
2290192922453
2290192922454
2290192922455
2290192922456
2290192922457
2290192922458
2290192922459
2290192922460
2290192922461
2290192922462
2290192922463
2290192922464
2290192922465
2290192922466
2290192922467
2290192922468
2290192922469
2290192922470
2290192922471
2290192922472
2290192922473
2290192922474
2290192922475
2290192922476
2290192922477
2290192922478
2290192922479
2290192922480
2290192922481
2290192922482
2290192922483
2290192922484
2290192922485
2290192922486
2290192922487
2290192922488
2290192922489
2290192922490
2290192922491
2290192922492
2290192922493
2290192922494
2290192922495
2290192922496
2290192922497
2290192922498
2290192922499
2290192922500
2290192922501
2290192922502
2290192922503
2290192922504
2290192922505
2290192922506
2290192922507
2290192922508
2290192922509
2290192922510
2290192922511
2290192922512
2290192922513
2290192922514
2290192922515
2290192922516
2290192922517
2290192922518
2290192922519
2290192922520
2290192922521
2290192922522
2290192922523
2290192922524
2290192922525
2290192922526
2290192922527
2290192922528
2290192922529
2290192922530
2290192922531
2290192922532
2290192922533
2290192922534
2290192922535
2290192922536
2290192922537
2290192922538
2290192922539
2290192922540
2290192922541
2290192922542
2290192922543
2290192922544
2290192922545
2290192922546
2290192922547
2290192922548
2290192922549
2290192922550
2290192922551
2290192922552
2290192922553
2290192922554
2290192922555
2290192922556
2290192922557
2290192922558
2290192922559
2290192922560
2290192922561
2290192922562
2290192922563
2290192922564
2290192922565
2290192922566
2290192922567
2290192922568
2290192922569
2290192922570
2290192922571
2290192922572
2290192922573
2290192922574
2290192922575
2290192922576
2290192922577
2290192922578
2290192922579
2290192922580
2290192922581
2290192922582
2290192922583
2290192922584
2290192922585
2290192922586
2290192922587
2290192922588
2290192922589
2290192922590
2290192922591
2290192922592
2290192922593
2290192922594
2290192922595
2290192922596
2290192922597
2290192922598
2290192922599
2290192922600
2290192922601
2290192922602
2290192922603
2290192922604
2290192922605
2290192922606
2290192922607
2290192922608
2290192922609
2290192922610
2290192922611
2290192922612
2290192922613
2290192922614
2290192922615
2290192922616
2290192922617
2290192922618
2290192922619
2290192922620
2290192922621
2290192922622
2290192922623
2290192922624
2290192922625
2290192922626
2290192922627
2290192922628
2290192922629
2290192922630
2290192922631
2290192922632
2290192922633
2290192922634
2290192922635
2290192922636
2290192922637
2290192922638
2290192922639
2290192922640
2290192922641
2290192922642
2290192922643
2290192922644
2290192922645
2290192922646
2290192922647
2290192922648
2290192922649
2290192922650
2290192922651
2290192922652
2290192922653
2290192922654
2290192922655
2290192922656
2290192922657
2290192922658
2290192922659
2290192922660
2290192922661
2290192922662
2290192922663
2290192922664
2290192922665
2290192922666
2290192922667
2290192922668
2290192922669
2290192922670
2290192922671
2290192922672
2290192922673
2290192922674
2290192922675
2290192922676
2290192922677
2290192922678
2290192922679
2290192922680
2290192922681
2290192922682
2290192922683
2290192922684
2290192922685
2290192922686
2290192922687
2290192922688
2290192922689
2290192922690
2290192922691
2290192922692
2290192922693
2290192922694
2290192922695
2290192922696
2290192922697
2290192922698
2290192922699
2290192922700
2290192922701
2290192922702
2290192922703
2290192922704
2290192922705
2290192922706
2290192922707
2290192922708
2290192922709
2290192922710
2290192922711
2290192922712
2290192922713
2290192922714
2290192922715
2290192922716
2290192922717
2290192922718
2290192922719
2290192922720
2290192922721
2290192922722
2290192922723
2290192922724
2290192922725
2290192922726
2290192922727
2290192922728
2290192922729
2290192922730
2290192922731
2290192922732
2290192922733
2290192922734
2290192922735
2290192922736
2290192922737
2290192922738
2290192922739
2290192922740
2290192922741
2290192922742
2290192922743
2290192922744
2290192922745
2290192922746
2290192922747
2290192922748
2290192922749
2290192922750
2290192922751
2290192922752
2290192922753
2290192922754
2290192922755
2290192922756
2290192922757
2290192922758
2290192922759
2290192922760
2290192922761
2290192922762
2290192922763
2290192922764
2290192922765
2290192922766
2290192922767
2290192922768
2290192922769
2290192922770
2290192922771
2290192922772
2290192922773
2290192922774
2290192922775
2290192922776
2290192922777
2290192922778
2290192922779
2290192922780
2290192922781
2290192922782
2290192922783
2290192922784
2290192922785
2290192922786
2290192922787
2290192922788
2290192922789
2290192922790
2290192922791
2290192922792
2290192922793
2290192922794
2290192922795
2290192922796
2290192922797
2290192922798
2290192922799
2290192922800
2290192922801
2290192922802
2290192922803
2290192922804
2290192922805
2290192922806
2290192922807
2290192922808
2290192922809
2290192922810
2290192922811
2290192922812
2290192922813
2290192922814
2290192922815
2290192922816
2290192922817
2290192922818
2290192922819
2290192922820
2290192922821
2290192922822
2290192922823
2290192922824
2290192922825
2290192922826
2290192922827
2290192922828
2290192922829
2290192922830
2290192922831
2290192922832
2290192922833
2290192922834
2290192922835
2290192922836
2290192922837
2290192922838
2290192922839
2290192922840
2290192922841
2290192922842
2290192922843
2290192922844
2290192922845
2290192922846
2290192922847
2290192922848
2290192922849
2290192922850
2290192922851
2290192922852
2290192922853
2290192922854
2290192922855
2290192922856
2290192922857
2290192922858
2290192922859
2290192922860
2290192922861
2290192922862
2290192922863
2290192922864
2290192922865
2290192922866
2290192922867
2290192922868
2290192922869
2290192922870
2290192922871
2290192922872
2290192922873
2290192922874
2290192922875
2290192922876
2290192922877
2290192922878
2290192922879
2290192922880
2290192922881
2290192922882
2290192922883
2290192922884
2290192922885
2290192922886
2290192922887
2290192922888
2290192922889
2290192922890
2290192922891
2290192922892
2290192922893
2290192922894
2290192922895
2290192922896
2290192922897
2290192922898
2290192922899
2290192922900
2290192922901
2290192922902
2290192922903
2290192922904
2290192922905
2290192922906
2290192922907
2290192922908
2290192922909
2290192922910
2290192922911
2290192922912
2290192922913
2290192922914
2290192922915
2290192922916
2290192922917
2290192922918
2290192922919
2290192922920
2290192922921
2290192922922
2290192922923
2290192922924
2290192922925
2290192922926
2290192922927
2290192922928
2290192922929
2290192922930
2290192922931
2290192922932
2290192922933
2290192922934
2290192922935
2290192922936
2290192922937
2290192922938
2290192922939
2290192922940
2290192922941
2290192922942
2290192922943
2290192922944
2290192922945
2290192922946
2290192922947
2290192922948
2290192922949
2290192922950
2290192922951
2290192922952
2290192922953
2290192922954
2290192922955
2290192922956
2290192922957
2290192922958
2290192922959
2290192922960
2290192922961
2290192922962
2290192922963
2290192922964
2290192922965
2290192922966
2290192922967
2290192922968
2290192922969
2290192922970
2290192922971
2290192922972
2290192922973
2290192922974
2290192922975
2290192922976
2290192922977
2290192922978
2290192922979
2290192922980
2290192922981
2290192922982
2290192922983
2290192922984
2290192922985
2290192922986
2290192922987
2290192922988
2290192922989
2290192922990
2290192922991
2290192922992
2290192922993
2290192922994
2290192922995
2290192922996
2290192922997
2290192922998
2290192922999
2290192923000
2290192923001
2290192923002
2290192923003
2290192923004
2290192923005
2290192923006
2290192923007
2290192923008
2290192923009
2290192923010
2290192923011
2290192923012
2290192923013
2290192923014
2290192923015
2290192923016
2290192923017
2290192923018
2290192923019
2290192923020
2290192923021
2290192923022
2290192923023
2290192923024
2290192923025
2290192923026
2290192923027
2290192923028
2290192923029
2290192923030
2290192923031
2290192923032
2290192923033
2290192923034
2290192923035
2290192923036
2290192923037
2290192923038
2290192923039
2290192923040
2290192923041
2290192923042
2290192923043
2290192923044
2290192923045
2290192923046
2290192923047
2290192923048
2290192923049
2290192923050
2290192923051
2290192923052
2290192923053
2290192923054
2290192923055
2290192923056
2290192923057
2290192923058
2290192923059
2290192923060
2290192923061
2290192923062
2290192923063
2290192923064
2290192923065
2290192923066
2290192923067
2290192923068
2290192923069
2290192923070
2290192923071
2290192923072
2290192923073
2290192923074
2290192923075
2290192923076
2290192923077
2290192923078
2290192923079
2290192923080
2290192923081
2290192923082
2290192923083
2290192923084
2290192923085
2290192923086
2290192923087
2290192923088
2290192923089
2290192923090
2290192923091
2290192923092
2290192923093
2290192923094
2290192923095
2290192923096
2290192923097
2290192923098
2290192923099
2290192923100
2290192923101
2290192923102
2290192923103
2290192923104
2290192923105
2290192923106
2290192923107
2290192923108
2290192923109
2290192923110
2290192923111
2290192923112
2290192923113
2290192923114
2290192923115
2290192923116
2290192923117
2290192923118
2290192923119
2290192923120
2290192923121
2290192923122
2290192923123
2290192923124
2290192923125
2290192923126
2290192923127
2290192923128
2290192923129
2290192923130
2290192923131
2290192923132
2290192923133
2290192923134
2290192923135
2290192923136
2290192923137
2290192923138
2290192923139
2290192923140
2290192923141
2290192923142
2290192923143
2290192923144
2290192923145
2290192923146
2290192923147
2290192923148
2290192923149
2290192923150
2290192923151
2290192923152
2290192923153
2290192923154
2290192923155
2290192923156
2290192923157
2290192923158
2290192923159
2290192923160
2290192923161
2290192923162
2290192923163
2290192923164
2290192923165
2290192923166
2290192923167
2290192923168
2290192923169
2290192923170
2290192923171
2290192923172
2290192923173
2290192923174
2290192923175
2290192923176
2290192923177
2290192923178
2290192923179
2290192923180
2290192923181
2290192923182
2290192923183
2290192923184
2290192923185
2290192923186
2290192923187
2290192923188
2290192923189
2290192923190
2290192923191
2290192923192
2290192923193
2290192923194
2290192923195
2290192923196
2290192923197
2290192923198
2290192923199
2290192923200
2290192923201
2290192923202
2290192923203
2290192923204
2290192923205
2290192923206
2290192923207
2290192923208
2290192923209
2290192923210
2290192923211
2290192923212
2290192923213
2290192923214
2290192923215
2290192923216
2290192923217
2290192923218
2290192923219
2290192923220
2290192923221
2290192923222
2290192923223
2290192923224
2290192923225
2290192923226
2290192923227
2290192923228
2290192923229
2290192923230
2290192923231
2290192923232
2290192923233
2290192923234
2290192923235
2290192923236
2290192923237
2290192923238
2290192923239
2290192923240
2290192923241
2290192923242
2290192923243
2290192923244
2290192923245
2290192923246
2290192923247
2290192923248
2290192923249
2290192923250
2290192923251
2290192923252
2290192923253
2290192923254
2290192923255
2290192923256
2290192923257
2290192923258
2290192923259
2290192923260
2290192923261
2290192923262
2290192923263
2290192923264
2290192923265
2290192923266
2290192923267
2290192923268
2290192923269
2290192923270
2290192923271
2290192923272
2290192923273
2290192923274
2290192923275
2290192923276
2290192923277
2290192923278
2290192923279
2290192923280
2290192923281
2290192923282
2290192923283
2290192923284
2290192923285
2290192923286
2290192923287
2290192923288
2290192923289
2290192923290
2290192923291
2290192923292
2290192923293
2290192923294
2290192923295
2290192923296
2290192923297
2290192923298
2290192923299
2290192923300
2290192923301
2290192923302
2290192923303
2290192923304
2290192923305
2290192923306
2290192923307
2290192923308
2290192923309
2290192923310
2290192923311
2290192923312
2290192923313
2290192923314
2290192923315
2290192923316
2290192923317
2290192923318
2290192923319
2290192923320
2290192923321
2290192923322
2290192923323
2290192923324
2290192923325
2290192923326
2290192923327
2290192923328
2290192923329
2290192923330
2290192923331
2290192923332
2290192923333
2290192923334
2290192923335
2290192923336
2290192923337
2290192923338
2290192923339
2290192923340
2290192923341
2290192923342
2290192923343
2290192923344
2290192923345
2290192923346
2290192923347
2290192923348
2290192923349
2290192923350
2290192923351
2290192923352
2290192923353
2290192923354
2290192923355
2290192923356
2290192923357
2290192923358
2290192923359
2290192923360
2290192923361
2290192923362
2290192923363
2290192923364
2290192923365
2290192923366
2290192923367
2290192923368
2290192923369
2290192923370
2290192923371
2290192923372
2290192923373
2290192923374
2290192923375
2290192923376
2290192923377
2290192923378
2290192923379
2290192923380
2290192923381
2290192923382
2290192923383
2290192923384
2290192923385
2290192923386
2290192923387
2290192923388
2290192923389
2290192923390
2290192923391
2290192923392
2290192923393
2290192923394
2290192923395
2290192923396
2290192923397
2290192923398
2290192923399
2290192923400
2290192923401
2290192923402
2290192923403
2290192923404
2290192923405
2290192923406
2290192923407
2290192923408
2290192923409
2290192923410
2290192923411
2290192923412
2290192923413
2290192923414
2290192923415
2290192923416
2290192923417
2290192923418
2290192923419
2290192923420
2290192923421
2290192923422
2290192923423
2290192923424
2290192923425
2290192923426
2290192923427
2290192923428
2290192923429
2290192923430
2290192923431
2290192923432
2290192923433
2290192923434
2290192923435
2290192923436
2290192923437
2290192923438
2290192923439
2290192923440
2290192923441
2290192923442
2290192923443
2290192923444
2290192923445
2290192923446
2290192923447
2290192923448
2290192923449
2290192923450
2290192923451
2290192923452
2290192923453
2290192923454
2290192923455
2290192923456
2290192923457
2290192923458
2290192923459
2290192923460
2290192923461
2290192923462
2290192923463
2290192923464
2290192923465
2290192923466
2290192923467
2290192923468
2290192923469
2290192923470
2290192923471
2290192923472
2290192923473
2290192923474
2290192923475
2290192923476
2290192923477
2290192923478
2290192923479
2290192923480
2290192923481
2290192923482
2290192923483
2290192923484
2290192923485
2290192923486
2290192923487
2290192923488
2290192923489
2290192923490
2290192923491
2290192923492
2290192923493
2290192923494
2290192923495
2290192923496
2290192923497
2290192923498
2290192923499
2290192923500
2290192923501
2290192923502
2290192923503
2290192923504
2290192923505
2290192923506
2290192923507
2290192923508
2290192923509
2290192923510
2290192923511
2290192923512
2290192923513
2290192923514
2290192923515
2290192923516
2290192923517
2290192923518
2290192923519
2290192923520
2290192923521
2290192923522
2290192923523
2290192923524
2290192923525
2290192923526
2290192923527
2290192923528
2290192923529
2290192923530
2290192923531
2290192923532
2290192923533
2290192923534
2290192923535
2290192923536
2290192923537
2290192923538
2290192923539
2290192923540
2290192923541
2290192923542
2290192923543
2290192923544
2290192923545
2290192923546
2290192923547
2290192923548
2290192923549
2290192923550
2290192923551
2290192923552
2290192923553
2290192923554
2290192923555
2290192923556
2290192923557
2290192923558
2290192923559
2290192923560
2290192923561
2290192923562
2290192923563
2290192923564
2290192923565
2290192923566
2290192923567
2290192923568
2290192923569
2290192923570
2290192923571
2290192923572
2290192923573
2290192923574
2290192923575
2290192923576
2290192923577
2290192923578
2290192923579
2290192923580
2290192923581
2290192923582
2290192923583
2290192923584
2290192923585
2290192923586
2290192923587
2290192923588
2290192923589
2290192923590
2290192923591
2290192923592
2290192923593
2290192923594
2290192923595
2290192923596
2290192923597
2290192923598
2290192923599
2290192923600
2290192923601
2290192923602
2290192923603
2290192923604
2290192923605
2290192923606
2290192923607
2290192923608
2290192923609
2290192923610
2290192923611
2290192923612
2290192923613
2290192923614
2290192923615
2290192923616
2290192923617
2290192923618
2290192923619
2290192923620
2290192923621
2290192923622
2290192923623
2290192923624
2290192923625
2290192923626
2290192923627
2290192923628
2290192923629
2290192923630
2290192923631
2290192923632
2290192923633
2290192923634
2290192923635
2290192923636
2290192923637
2290192923638
2290192923639
2290192923640
2290192923641
2290192923642
2290192923643
2290192923644
2290192923645
2290192923646
2290192923647
2290192923648
2290192923649
2290192923650
2290192923651
2290192923652
2290192923653
2290192923654
2290192923655
2290192923656
2290192923657
2290192923658
2290192923659
2290192923660
2290192923661
2290192923662
2290192923663
2290192923664
2290192923665
2290192923666
2290192923667
2290192923668
2290192923669
2290192923670
2290192923671
2290192923672
2290192923673
2290192923674
2290192923675
2290192923676
2290192923677
2290192923678
2290192923679
2290192923680
2290192923681
2290192923682
2290192923683
2290192923684
2290192923685
2290192923686
2290192923687
2290192923688
2290192923689
2290192923690
2290192923691
2290192923692
2290192923693
2290192923694
2290192923695
2290192923696
2290192923697
2290192923698
2290192923699
2290192923700
2290192923701
2290192923702
2290192923703
2290192923704
2290192923705
2290192923706
2290192923707
2290192923708
2290192923709
2290192923710
2290192923711
2290192923712
2290192923713
2290192923714
2290192923715
2290192923716
2290192923717
2290192923718
2290192923719
2290192923720
2290192923721
2290192923722
2290192923723
2290192923724
2290192923725
2290192923726
2290192923727
2290192923728
2290192923729
2290192923730
2290192923731
2290192923732
2290192923733
2290192923734
2290192923735
2290192923736
2290192923737
2290192923738
2290192923739
2290192923740
2290192923741
2290192923742
2290192923743
2290192923744
2290192923745
2290192923746
2290192923747
2290192923748
2290192923749
2290192923750
2290192923751
2290192923752
2290192923753
2290192923754
2290192923755
2290192923756
2290192923757
2290192923758
2290192923759
2290192923760
2290192923761
2290192923762
2290192923763
2290192923764
2290192923765
2290192923766
2290192923767
2290192923768
2290192923769
2290192923770
2290192923771
2290192923772
2290192923773
2290192923774
2290192923775
2290192923776
2290192923777
2290192923778
2290192923779
2290192923780
2290192923781
2290192923782
2290192923783
2290192923784
2290192923785
2290192923786
2290192923787
2290192923788
2290192923789
2290192923790
2290192923791
2290192923792
2290192923793
2290192923794
2290192923795
2290192923796
2290192923797
2290192923798
2290192923799
2290192923800
2290192923801
2290192923802
2290192923803
2290192923804
2290192923805
2290192923806
2290192923807
2290192923808
2290192923809
2290192923810
2290192923811
2290192923812
2290192923813
2290192923814
2290192923815
2290192923816
2290192923817
2290192923818
2290192923819
2290192923820
2290192923821
2290192923822
2290192923823
2290192923824
2290192923825
2290192923826
2290192923827
2290192923828
2290192923829
2290192923830
2290192923831
2290192923832
2290192923833
2290192923834
2290192923835
2290192923836
2290192923837
2290192923838
2290192923839
2290192923840
2290192923841
2290192923842
2290192923843
2290192923844
2290192923845
2290192923846
2290192923847
2290192923848
2290192923849
2290192923850
2290192923851
2290192923852
2290192923853
2290192923854
2290192923855
2290192923856
2290192923857
2290192923858
2290192923859
2290192923860
2290192923861
2290192923862
2290192923863
2290192923864
2290192923865
2290192923866
2290192923867
2290192923868
2290192923869
2290192923870
2290192923871
2290192923872
2290192923873
2290192923874
2290192923875
2290192923876
2290192923877
2290192923878
2290192923879
2290192923880
2290192923881
2290192923882
2290192923883
2290192923884
2290192923885
2290192923886
2290192923887
2290192923888
2290192923889
2290192923890
2290192923891
2290192923892
2290192923893
2290192923894
2290192923895
2290192923896
2290192923897
2290192923898
2290192923899
2290192923900
2290192923901
2290192923902
2290192923903
2290192923904
2290192923905
2290192923906
2290192923907
2290192923908
2290192923909
2290192923910
2290192923911
2290192923912
2290192923913
2290192923914
2290192923915
2290192923916
2290192923917
2290192923918
2290192923919
2290192923920
2290192923921
2290192923922
2290192923923
2290192923924
2290192923925
2290192923926
2290192923927
2290192923928
2290192923929
2290192923930
2290192923931
2290192923932
2290192923933
2290192923934
2290192923935
2290192923936
2290192923937
2290192923938
2290192923939
2290192923940
2290192923941
2290192923942
2290192923943
2290192923944
2290192923945
2290192923946
2290192923947
2290192923948
2290192923949
2290192923950
2290192923951
2290192923952
2290192923953
2290192923954
2290192923955
2290192923956
2290192923957
2290192923958
2290192923959
2290192923960
2290192923961
2290192923962
2290192923963
2290192923964
2290192923965
2290192923966
2290192923967
2290192923968
2290192923969
2290192923970
2290192923971
2290192923972
2290192923973
2290192923974
2290192923975
2290192923976
2290192923977
2290192923978
2290192923979
2290192923980
2290192923981
2290192923982
2290192923983
2290192923984
2290192923985
2290192923986
2290192923987
2290192923988
2290192923989
2290192923990
2290192923991
2290192923992
2290192923993
2290192923994
2290192923995
2290192923996
2290192923997
2290192923998
2290192923999
2290192924000
2290192924001
2290192924002
2290192924003
2290192924004
2290192924005
2290192924006
2290192924007
2290192924008
2290192924009
2290192924010
2290192924011
2290192924012
2290192924013
2290192924014
2290192924015
2290192924016
2290192924017
2290192924018
2290192924019
2290192924020
2290192924021
2290192924022
2290192924023
2290192924024
2290192924025
2290192924026
2290192924027
2290192924028
2290192924029
2290192924030
2290192924031
2290192924032
2290192924033
2290192924034
2290192924035
2290192924036
2290192924037
2290192924038
2290192924039
2290192924040
2290192924041
2290192924042
2290192924043
2290192924044
2290192924045
2290192924046
2290192924047
2290192924048
2290192924049
2290192924050
2290192924051
2290192924052
2290192924053
2290192924054
2290192924055
2290192924056
2290192924057
2290192924058
2290192924059
2290192924060
2290192924061
2290192924062
2290192924063
2290192924064
2290192924065
2290192924066
2290192924067
2290192924068
2290192924069
2290192924070
2290192924071
2290192924072
2290192924073
2290192924074
2290192924075
2290192924076
2290192924077
2290192924078
2290192924079
2290192924080
2290192924081
2290192924082
2290192924083
2290192924084
2290192924085
2290192924086
2290192924087
2290192924088
2290192924089
2290192924090
2290192924091
2290192924092
2290192924093
2290192924094
2290192924095
2290192924096
2290192924097
2290192924098
2290192924099
2290192924100
2290192924101
2290192924102
2290192924103
2290192924104
2290192924105
2290192924106
2290192924107
2290192924108
2290192924109
2290192924110
2290192924111
2290192924112
2290192924113
2290192924114
2290192924115
2290192924116
2290192924117
2290192924118
2290192924119
2290192924120
2290192924121
2290192924122
2290192924123
2290192924124
2290192924125
2290192924126
2290192924127
2290192924128
2290192924129
2290192924130
2290192924131
2290192924132
2290192924133
2290192924134
2290192924135
2290192924136
2290192924137
2290192924138
2290192924139
2290192924140
2290192924141
2290192924142
2290192924143
2290192924144
2290192924145
2290192924146
2290192924147
2290192924148
2290192924149
2290192924150
2290192924151
2290192924152
2290192924153
2290192924154
2290192924155
2290192924156
2290192924157
2290192924158
2290192924159
2290192924160
2290192924161
2290192924162
2290192924163
2290192924164
2290192924165
2290192924166
2290192924167
2290192924168
2290192924169
2290192924170
2290192924171
2290192924172
2290192924173
2290192924174
2290192924175
2290192924176
2290192924177
2290192924178
2290192924179
2290192924180
2290192924181
2290192924182
2290192924183
2290192924184
2290192924185
2290192924186
2290192924187
2290192924188
2290192924189
2290192924190
2290192924191
2290192924192
2290192924193
2290192924194
2290192924195
2290192924196
2290192924197
2290192924198
2290192924199
2290192924200
2290192924201
2290192924202
2290192924203
2290192924204
2290192924205
2290192924206
2290192924207
2290192924208
2290192924209
2290192924210
2290192924211
2290192924212
2290192924213
2290192924214
2290192924215
2290192924216
2290192924217
2290192924218
2290192924219
2290192924220
2290192924221
2290192924222
2290192924223
2290192924224
2290192924225
2290192924226
2290192924227
2290192924228
2290192924229
2290192924230
2290192924231
2290192924232
2290192924233
2290192924234
2290192924235
2290192924236
2290192924237
2290192924238
2290192924239
2290192924240
2290192924241
2290192924242
2290192924243
2290192924244
2290192924245
2290192924246
2290192924247
2290192924248
2290192924249
2290192924250
2290192924251
2290192924252
2290192924253
2290192924254
2290192924255
2290192924256
2290192924257
2290192924258
2290192924259
2290192924260
2290192924261
2290192924262
2290192924263
2290192924264
2290192924265
2290192924266
2290192924267
2290192924268
2290192924269
2290192924270
2290192924271
2290192924272
2290192924273
2290192924274
2290192924275
2290192924276
2290192924277
2290192924278
2290192924279
2290192924280
2290192924281
2290192924282
2290192924283
2290192924284
2290192924285
2290192924286
2290192924287
2290192924288
2290192924289
2290192924290
2290192924291
2290192924292
2290192924293
2290192924294
2290192924295
2290192924296
2290192924297
2290192924298
2290192924299
2290192924300
2290192924301
2290192924302
2290192924303
2290192924304
2290192924305
2290192924306
2290192924307
2290192924308
2290192924309
2290192924310
2290192924311
2290192924312
2290192924313
2290192924314
2290192924315
2290192924316
2290192924317
2290192924318
2290192924319
2290192924320
2290192924321
2290192924322
2290192924323
2290192924324
2290192924325
2290192924326
2290192924327
2290192924328
2290192924329
2290192924330
2290192924331
2290192924332
2290192924333
2290192924334
2290192924335
2290192924336
2290192924337
2290192924338
2290192924339
2290192924340
2290192924341
2290192924342
2290192924343
2290192924344
2290192924345
2290192924346
2290192924347
2290192924348
2290192924349
2290192924350
2290192924351
2290192924352
2290192924353
2290192924354
2290192924355
2290192924356
2290192924357
2290192924358
2290192924359
2290192924360
2290192924361
2290192924362
2290192924363
2290192924364
2290192924365
2290192924366
2290192924367
2290192924368
2290192924369
2290192924370
2290192924371
2290192924372
2290192924373
2290192924374
2290192924375
2290192924376
2290192924377
2290192924378
2290192924379
2290192924380
2290192924381
2290192924382
2290192924383
2290192924384
2290192924385
2290192924386
2290192924387
2290192924388
2290192924389
2290192924390
2290192924391
2290192924392
2290192924393
2290192924394
2290192924395
2290192924396
2290192924397
2290192924398
2290192924399
2290192924400
2290192924401
2290192924402
2290192924403
2290192924404
2290192924405
2290192924406
2290192924407
2290192924408
2290192924409
2290192924410
2290192924411
2290192924412
2290192924413
2290192924414
2290192924415
2290192924416
2290192924417
2290192924418
2290192924419
2290192924420
2290192924421
2290192924422
2290192924423
2290192924424
2290192924425
2290192924426
2290192924427
2290192924428
2290192924429
2290192924430
2290192924431
2290192924432
2290192924433
2290192924434
2290192924435
2290192924436
2290192924437
2290192924438
2290192924439
2290192924440
2290192924441
2290192924442
2290192924443
2290192924444
2290192924445
2290192924446
2290192924447
2290192924448
2290192924449
2290192924450
2290192924451
2290192924452
2290192924453
2290192924454
2290192924455
2290192924456
2290192924457
2290192924458
2290192924459
2290192924460
2290192924461
2290192924462
2290192924463
2290192924464
2290192924465
2290192924466
2290192924467
2290192924468
2290192924469
2290192924470
2290192924471
2290192924472
2290192924473
2290192924474
2290192924475
2290192924476
2290192924477
2290192924478
2290192924479
2290192924480
2290192924481
2290192924482
2290192924483
2290192924484
2290192924485
2290192924486
2290192924487
2290192924488
2290192924489
2290192924490
2290192924491
2290192924492
2290192924493
2290192924494
2290192924495
2290192924496
2290192924497
2290192924498
2290192924499
2290192924500
2290192924501
2290192924502
2290192924503
2290192924504
2290192924505
2290192924506
2290192924507
2290192924508
2290192924509
2290192924510
2290192924511
2290192924512
2290192924513
2290192924514
2290192924515
2290192924516
2290192924517
2290192924518
2290192924519
2290192924520
2290192924521
2290192924522
2290192924523
2290192924524
2290192924525
2290192924526
2290192924527
2290192924528
2290192924529
2290192924530
2290192924531
2290192924532
2290192924533
2290192924534
2290192924535
2290192924536
2290192924537
2290192924538
2290192924539
2290192924540
2290192924541
2290192924542
2290192924543
2290192924544
2290192924545
2290192924546
2290192924547
2290192924548
2290192924549
2290192924550
2290192924551
2290192924552
2290192924553
2290192924554
2290192924555
2290192924556
2290192924557
2290192924558
2290192924559
2290192924560
2290192924561
2290192924562
2290192924563
2290192924564
2290192924565
2290192924566
2290192924567
2290192924568
2290192924569
2290192924570
2290192924571
2290192924572
2290192924573
2290192924574
2290192924575
2290192924576
2290192924577
2290192924578
2290192924579
2290192924580
2290192924581
2290192924582
2290192924583
2290192924584
2290192924585
2290192924586
2290192924587
2290192924588
2290192924589
2290192924590
2290192924591
2290192924592
2290192924593
2290192924594
2290192924595
2290192924596
2290192924597
2290192924598
2290192924599
2290192924600
2290192924601
2290192924602
2290192924603
2290192924604
2290192924605
2290192924606
2290192924607
2290192924608
2290192924609
2290192924610
2290192924611
2290192924612
2290192924613
2290192924614
2290192924615
2290192924616
2290192924617
2290192924618
2290192924619
2290192924620
2290192924621
2290192924622
2290192924623
2290192924624
2290192924625
2290192924626
2290192924627
2290192924628
2290192924629
2290192924630
2290192924631
2290192924632
2290192924633
2290192924634
2290192924635
2290192924636
2290192924637
2290192924638
2290192924639
2290192924640
2290192924641
2290192924642
2290192924643
2290192924644
2290192924645
2290192924646
2290192924647
2290192924648
2290192924649
2290192924650
2290192924651
2290192924652
2290192924653
2290192924654
2290192924655
2290192924656
2290192924657
2290192924658
2290192924659
2290192924660
2290192924661
2290192924662
2290192924663
2290192924664
2290192924665
2290192924666
2290192924667
2290192924668
2290192924669
2290192924670
2290192924671
2290192924672
2290192924673
2290192924674
2290192924675
2290192924676
2290192924677
2290192924678
2290192924679
2290192924680
2290192924681
2290192924682
2290192924683
2290192924684
2290192924685
2290192924686
2290192924687
2290192924688
2290192924689
2290192924690
2290192924691
2290192924692
2290192924693
2290192924694
2290192924695
2290192924696
2290192924697
2290192924698
2290192924699
2290192924700
2290192924701
2290192924702
2290192924703
2290192924704
2290192924705
2290192924706
2290192924707
2290192924708
2290192924709
2290192924710
2290192924711
2290192924712
2290192924713
2290192924714
2290192924715
2290192924716
2290192924717
2290192924718
2290192924719
2290192924720
2290192924721
2290192924722
2290192924723
2290192924724
2290192924725
2290192924726
2290192924727
2290192924728
2290192924729
2290192924730
2290192924731
2290192924732
2290192924733
2290192924734
2290192924735
2290192924736
2290192924737
2290192924738
2290192924739
2290192924740
2290192924741
2290192924742
2290192924743
2290192924744
2290192924745
2290192924746
2290192924747
2290192924748
2290192924749
2290192924750
2290192924751
2290192924752
2290192924753
2290192924754
2290192924755
2290192924756
2290192924757
2290192924758
2290192924759
2290192924760
2290192924761
2290192924762
2290192924763
2290192924764
2290192924765
2290192924766
2290192924767
2290192924768
2290192924769
2290192924770
2290192924771
2290192924772
2290192924773
2290192924774
2290192924775
2290192924776
2290192924777
2290192924778
2290192924779
2290192924780
2290192924781
2290192924782
2290192924783
2290192924784
2290192924785
2290192924786
2290192924787
2290192924788
2290192924789
2290192924790
2290192924791
2290192924792
2290192924793
2290192924794
2290192924795
2290192924796
2290192924797
2290192924798
2290192924799
2290192924800
2290192924801
2290192924802
2290192924803
2290192924804
2290192924805
2290192924806
2290192924807
2290192924808
2290192924809
2290192924810
2290192924811
2290192924812
2290192924813
2290192924814
2290192924815
2290192924816
2290192924817
2290192924818
2290192924819
2290192924820
2290192924821
2290192924822
2290192924823
2290192924824
2290192924825
2290192924826
2290192924827
2290192924828
2290192924829
2290192924830
2290192924831
2290192924832
2290192924833
2290192924834
2290192924835
2290192924836
2290192924837
2290192924838
2290192924839
2290192924840
2290192924841
2290192924842
2290192924843
2290192924844
2290192924845
2290192924846
2290192924847
2290192924848
2290192924849
2290192924850
2290192924851
2290192924852
2290192924853
2290192924854
2290192924855
2290192924856
2290192924857
2290192924858
2290192924859
2290192924860
2290192924861
2290192924862
2290192924863
2290192924864
2290192924865
2290192924866
2290192924867
2290192924868
2290192924869
2290192924870
2290192924871
2290192924872
2290192924873
2290192924874
2290192924875
2290192924876
2290192924877
2290192924878
2290192924879
2290192924880
2290192924881
2290192924882
2290192924883
2290192924884
2290192924885
2290192924886
2290192924887
2290192924888
2290192924889
2290192924890
2290192924891
2290192924892
2290192924893
2290192924894
2290192924895
2290192924896
2290192924897
2290192924898
2290192924899
2290192924900
2290192924901
2290192924902
2290192924903
2290192924904
2290192924905
2290192924906
2290192924907
2290192924908
2290192924909
2290192924910
2290192924911
2290192924912
2290192924913
2290192924914
2290192924915
2290192924916
2290192924917
2290192924918
2290192924919
2290192924920
2290192924921
2290192924922
2290192924923
2290192924924
2290192924925
2290192924926
2290192924927
2290192924928
2290192924929
2290192924930
2290192924931
2290192924932
2290192924933
2290192924934
2290192924935
2290192924936
2290192924937
2290192924938
2290192924939
2290192924940
2290192924941
2290192924942
2290192924943
2290192924944
2290192924945
2290192924946
2290192924947
2290192924948
2290192924949
2290192924950
2290192924951
2290192924952
2290192924953
2290192924954
2290192924955
2290192924956
2290192924957
2290192924958
2290192924959
2290192924960
2290192924961
2290192924962
2290192924963
2290192924964
2290192924965
2290192924966
2290192924967
2290192924968
2290192924969
2290192924970
2290192924971
2290192924972
2290192924973
2290192924974
2290192924975
2290192924976
2290192924977
2290192924978
2290192924979
2290192924980
2290192924981
2290192924982
2290192924983
2290192924984
2290192924985
2290192924986
2290192924987
2290192924988
2290192924989
2290192924990
2290192924991
2290192924992
2290192924993
2290192924994
2290192924995
2290192924996
2290192924997
2290192924998
2290192924999
